129721000119106
844701000000103
844631000000104
851951000000100
851941000000103
851931000000107
842551000000102
842531000000109
842511000000101
840451000000102
840371000000100
236386005
155855008
733139004
733138007
733137002
N17.9
N17.8
N17.2
N17.1
N17.0
423533009
36225005
58574008
61503006
307309005
236424009
197686005
236429004
867611000000106
867601000000109
867631000000103
867621000000100
867591000000103
867581000000100
857561000000103
847861000000103
844751000000102
844711000000101
844641000000108
840441000000100
840381000000103
610531000000109
610521000000107
855281000000101
N17
N00
40371000119105
429224003
14669001
