1988311
830845
831102
830798
830876
831255
1791229
1791232
831285
830883
831244
1091629
833704
830872
831193
830803
831359
831103
830801
831338
831226
833705
1988319
830900
1988330
831215
831252
834393
831347
831054
833217
830861
1091632
833707
830882
1091638
1791240
830897
830898
848524
831349
831325
831309
831055
830847
833237
1791233
833219
831360
830795
830839
1091623
830837
830880
830902
849860
831012
1988308
831300
830863
1988324
830874
831196
831296
831323
831248
830865
1091635
830877
830879
1988316
830878
830869
897853
897685
897620
897722
897584
897714
897785
897676
898316
898340
897855
897630
897783
897624
411759
897700
897640
901446
1665061
897680
897598
901438
897683
897846
897626
897590
897666
897781
897632
897618
897649
897667
1665057
897586
897612
897596
897592
897661
901450
897844
897614
897693
897659
